2.289665875819378194e+00 1.860036676095601971e+00 1.553287544606191783e+00 1.423871402126863472e+00 1.469829270224840778e+00 1.405636105004806735e+00 1.254405937786939207e+00 1.319655592930485843e+00 1.229755173189551298e+00 1.288441254755160914e+00 1.202498661754056286e+00 1.139630925822190388e+00 1.219328935888586374e+00 1.150685895275534998e+00 1.204644288705779775e+00 1.181077191862357489e+00 1.203068168010878125e+00 1.214317964291633967e+00 1.167539677935348630e+00 1.252666292969936368e+00 1.327760343869537563e+00 1.264259368565739283e+00
2.422583220226018685e+00 1.902800411192888896e+00 1.737650165122120560e+00 1.507276403226729844e+00 1.438221980876456030e+00 1.388930408519686521e+00 1.358009399372315240e+00 1.366533547096861589e+00 1.315268658297248594e+00 1.262201835213294432e+00 1.262766292923750200e+00 1.237664570932945018e+00 1.301754255363116064e+00 1.203792604861688265e+00 1.190296950062912806e+00 1.180745476280212536e+00 1.235273648956807913e+00 1.240591760145201228e+00 1.290555718793805928e+00 1.343445729220750007e+00 1.315398795711507862e+00 1.307298140062287173e+00
2.762305120207049658e+00 2.125563816160671138e+00 1.821211188555364346e+00 1.580819892209640143e+00 1.524985494352616433e+00 1.410590423426713036e+00 1.416202647443299600e+00 1.351658109578151690e+00 1.306397253328136054e+00 1.282565635792873637e+00 1.255869721711874165e+00 1.304161879605416630e+00 1.279562541747410576e+00 1.281145925975444078e+00 1.258294150588647353e+00 1.246805378188786673e+00 1.251078438399584325e+00 1.289776335250906847e+00 1.271571918312183636e+00 1.270610155137482655e+00 1.290569937858058180e+00 1.342047146568068339e+00
3.069601433699911563e+00 2.222300133634887320e+00 1.920762751938697388e+00 1.631023487687333962e+00 1.525988579787913135e+00 1.457565890374402429e+00 1.419319581681417253e+00 1.344658129172550343e+00 1.327102978727939142e+00 1.312760384009933556e+00 1.342951058753498517e+00 1.282953370951933403e+00 1.291630957337479790e+00 1.309851970975277835e+00 1.284865509302670628e+00 1.321719802321646098e+00 1.295534444552329800e+00 1.326307050376537289e+00 1.244866740891095835e+00 1.331987068579943978e+00 1.325450212859067722e+00 1.389922768611138837e+00
3.903693068759364504e+00 2.542016458848866289e+00 1.974035255357605489e+00 1.737527991759695301e+00 1.594951835427653286e+00 1.468327175893839875e+00 1.446283146272471898e+00 1.366029333551646241e+00 1.332348570797525777e+00 1.276822957695495475e+00 1.313229308123457173e+00 1.314089982177710558e+00 1.422700121622503477e+00 1.298827776994736283e+00 1.320298560455306580e+00 1.362645638691520666e+00 1.247530868721526076e+00 1.341494610442506952e+00 1.283514775455517398e+00 1.316035728431051988e+00 1.370434413633177861e+00 1.447642519451874055e+00
5.566004566496132178e+00 2.736522804851863278e+00 2.077671837693316981e+00 1.815845627764236303e+00 1.646683404178777455e+00 1.506716067594149333e+00 1.506532614182290564e+00 1.481126607583838517e+00 1.377423133069674011e+00 1.389280540419211452e+00 1.358961509682613533e+00 1.365686913806258840e+00 1.367176956490469664e+00 1.307764163849380212e+00 1.278838692741916416e+00 1.353463796315320877e+00 1.273078260010477747e+00 1.360886608666223241e+00 1.359145660004753342e+00 1.357338278750334082e+00 1.441669952949529820e+00 1.470975545079645563e+00
7.986947716679177134e+00 2.860970575368157132e+00 2.356160955490946840e+00 1.894752014920818350e+00 1.604313542461422770e+00 1.573097839591184988e+00 1.571075584288434746e+00 1.608831124713749450e+00 1.446594992672110669e+00 1.439033368305517868e+00 1.432715126373105941e+00 1.388756993311426546e+00 1.302345063088265142e+00 1.324612306802836370e+00 1.367442236169371661e+00 1.336154279863771999e+00 1.403998619790691293e+00 1.368945126267282708e+00 1.402852023295231287e+00 1.403284464869508641e+00 1.429308716201519669e+00 1.473676110060379241e+00
4.055219036492492712e+00 3.379726306382893952e+00 2.586693220106856650e+00 2.071063604313276851e+00 1.761606656163875906e+00 1.707719074462596742e+00 1.570723021240548301e+00 1.530480423638952203e+00 1.492214025284598122e+00 1.435987087169750209e+00 1.495800205542274997e+00 1.448834249020531484e+00 1.361744177134760037e+00 1.376525830522829175e+00 1.402453082569096177e+00 1.332809783740383169e+00 1.359964106899531844e+00 1.399866104217437401e+00 1.392331053526222773e+00 1.473143939388173340e+00 1.438890451368178391e+00 1.508775610064362782e+00
3.295736188650467025e+00 4.108140326238592266e+00 2.730082106144381182e+00 2.349140043808711109e+00 1.901723690806782940e+00 1.779028311380348448e+00 1.553822779942675369e+00 1.490781712512880386e+00 1.557474050031390611e+00 1.490414918718317772e+00 1.486177986144152641e+00 1.374777350609201143e+00 1.464883027386205017e+00 1.457119458350526697e+00 1.393143822268554821e+00 1.373481755136397586e+00 1.422134183721806444e+00 1.537264447062237860e+00 1.435200565424043173e+00 1.435176107579035909e+00 1.494056303319088119e+00 1.579051514862936045e+00
2.903924261626935621e+00 5.363355735080489239e+00 3.162123753587884778e+00 2.331876593724110158e+00 2.051773315563067079e+00 1.835807960536986361e+00 1.694085095022253240e+00 1.574743084276310379e+00 1.603279854589946707e+00 1.506527139012498351e+00 1.448857654650787197e+00 1.458878017911985570e+00 1.519556920105785469e+00 1.472691754006295817e+00 1.417179810371280047e+00 1.442211955903109910e+00 1.486254418640005293e+00 1.559614184724516184e+00 1.524650153638660299e+00 1.468974001201620805e+00 1.576337867037648000e+00 1.649327419661509531e+00
2.669034833492598402e+00 6.206064869572745835e+00 3.350852597238252795e+00 2.544692147972279272e+00 2.083662230691001316e+00 1.959329978404876327e+00 1.806313101513835173e+00 1.713114013248814738e+00 1.578030792155456608e+00 1.556516038522807843e+00 1.530450111025372983e+00 1.524261275214270350e+00 1.486895842523085598e+00 1.476841271743097872e+00 1.507261752665794319e+00 1.506853868391396567e+00 1.509399029642968681e+00 1.524734272095920273e+00 1.556285833553756826e+00 1.545978919221242531e+00 1.649052844929764117e+00 1.695971605008610439e+00
2.512335390052141015e+00 3.558826704285133591e+00 3.991594516018371674e+00 2.758800439721755371e+00 2.221148994903001661e+00 1.928359083885316183e+00 1.825438298258544423e+00 1.787551820044539941e+00 1.635433062033235352e+00 1.680245812485440693e+00 1.579741070639093525e+00 1.538697417511157406e+00 1.530477750748785448e+00 1.517149196623074126e+00 1.592632822188724262e+00 1.599458679711255771e+00 1.487997988616940104e+00 1.520975488541717047e+00 1.530345536235084625e+00 1.612369297721402361e+00 1.698179334916422256e+00 1.731872997421953997e+00
2.489517013909268606e+00 3.288581650864230710e+00 4.876692531679619691e+00 2.822614714847359707e+00 2.370004436902259037e+00 2.145909164549821835e+00 1.926150223596029276e+00 1.825843584108709505e+00 1.714209701984381606e+00 1.646304093240968713e+00 1.578394024120603811e+00 1.579389815246420303e+00 1.623686582514359378e+00 1.573867521904510181e+00 1.581838555993074324e+00 1.577269903403376805e+00 1.590347492880784586e+00 1.591714892473634402e+00 1.652143769760071157e+00 1.719290493848230739e+00 1.660904968685418037e+00 1.757996400904227707e+00
2.295535475668764924e+00 2.975004661431078112e+00 5.835690471113488265e+00 3.177302780846319230e+00 2.537219036055688992e+00 2.173880489733448051e+00 2.052564700798599429e+00 1.850226079004857471e+00 1.781605889421807642e+00 1.722021668358937330e+00 1.680045131825422366e+00 1.645808008605015083e+00 1.607342054043474411e+00 1.608429986902589759e+00 1.618569358015972792e+00 1.624935889711206727e+00 1.613698627792341966e+00 1.696108767320481991e+00 1.712725240042229924e+00 1.687457141051474041e+00 1.674658310388379201e+00 1.778029043602889159e+00
2.157506722828334667e+00 2.835025129381671061e+00 5.184661628947431211e+00 3.420957572106745115e+00 2.719474859553124624e+00 2.220165317485320422e+00 2.060923594748515608e+00 1.839437071561784931e+00 1.839325722413307940e+00 1.745332455258057358e+00 1.753379399471097111e+00 1.691386032785427984e+00 1.604882375417707951e+00 1.588833663217927405e+00 1.657558442290284928e+00 1.664169215818045888e+00 1.653203373215695660e+00 1.682524892381801696e+00 1.792264427125386472e+00 1.772452953992921909e+00 1.759521661726576536e+00 1.798061686301550610e+00
2.088122852427546583e+00 2.452820546183166694e+00 3.947248815087799123e+00 4.411245768236704556e+00 3.056143066007922293e+00 2.296064146227019265e+00 2.138623821379298295e+00 1.932543443202072941e+00 1.879375632998307122e+00 1.850237913857388783e+00 1.742993348920794494e+00 1.858237308997206627e+00 1.663790464658726487e+00 1.683706839525980881e+00 1.677814748854412619e+00 1.660633446496128318e+00 1.735313906960528563e+00 1.760998830832931183e+00 1.853243455794132410e+00 1.838866955756922605e+00 1.775888537622266616e+00 1.810026565227028872e+00
2.090635727503210362e+00 2.473153784844108749e+00 3.411448402892392373e+00 6.097839115922747411e+00 3.431670008221714863e+00 2.414873304308705393e+00 2.269836158016613314e+00 2.066322479386411448e+00 1.952544838867342758e+00 1.939055811515907557e+00 1.827371831744720954e+00 1.879080060817468478e+00 1.787829699129497962e+00 1.783771957579380452e+00 1.770771703105278094e+00 1.744525662323780812e+00 1.826696948761489692e+00 1.871008556561999603e+00 1.873567091131306261e+00 1.836779088347850530e+00 1.844317064468583567e+00 1.819692761228775879e+00
1.924114921012265000e+00 2.371605009031758637e+00 3.074337864179256030e+00 5.417651589808918366e+00 3.624059059911033387e+00 2.823387157994477370e+00 2.414460636664355508e+00 2.337131720688711667e+00 2.030794366238630300e+00 1.910888227343260137e+00 1.953889614152330534e+00 1.927835037486455683e+00 1.786864595132795275e+00 1.870698508613528599e+00 1.879707965755237575e+00 1.950031660715950466e+00 1.757963573920158673e+00 1.926529964876243950e+00 1.857719307686193977e+00 1.880069683871968156e+00 1.986966429122088762e+00 1.836568967161534616e+00
1.863424211027358224e+00 2.333421141252307596e+00 3.048384410154488133e+00 4.397595986933016121e+00 4.295995890021377051e+00 3.175083775271873687e+00 2.561170816286769902e+00 2.363940915831880929e+00 2.097621951557194553e+00 1.963225929909732992e+00 2.056210554127292145e+00 1.950548201626823408e+00 1.860832415866575662e+00 1.931931740329151603e+00 1.929464100450748898e+00 1.974220987903702706e+00 1.890016305450578749e+00 1.955222124020945307e+00 1.891518039955430996e+00 2.011108874368360944e+00 2.080045477373007934e+00 1.893562045734019206e+00
1.867250026923596984e+00 2.202140433967448629e+00 2.599399319991972490e+00 3.775785844005216774e+00 6.345578197483460414e+00 3.423627430907613789e+00 2.739564739613118416e+00 2.490391668926970947e+00 2.185880363413839955e+00 2.051992116913786468e+00 2.155351039725800000e+00 1.968101325896844944e+00 1.958872750978620791e+00 1.984650301320502574e+00 1.981335667438250514e+00 1.998776742124610317e+00 2.024340200199832296e+00 1.992633681543358959e+00 1.981541844049928391e+00 2.063339457573433844e+00 2.088599732093315620e+00 1.950555124306503796e+00
1.805054056570041476e+00 2.133505126829378096e+00 2.520426990761767350e+00 3.229456604302060718e+00 9.392611977460097350e+00 3.608106042262717139e+00 2.952597361496553052e+00 2.678797999208940794e+00 2.315306929069868680e+00 2.183067804991580818e+00 2.232234901190888188e+00 2.048548502147700567e+00 2.021373478678870406e+00 2.063100187641836669e+00 2.133169457426716153e+00 2.070281776056360545e+00 2.119845486010163871e+00 2.053035449240994126e+00 2.104292488697178776e+00 2.092393307037158756e+00 2.102988342488480988e+00 2.007821994705132340e+00
1.934582806115833220e+00 2.145448719145614636e+00 2.491937778823107852e+00 2.959896651608415752e+00 6.923829948507441934e+00 4.366348351625614299e+00 3.009469821526342681e+00 2.610931481502121176e+00 2.428387584443993052e+00 2.352787240765973564e+00 2.278682107111726474e+00 2.179342355852283308e+00 2.027091703160210479e+00 2.147054614673552742e+00 2.147507587742715440e+00 2.133933123823952727e+00 2.128825995788786063e+00 2.170290452458857100e+00 2.236954736057216397e+00 2.192927067929657081e+00 2.187318293380085432e+00 2.066944561628055066e+00
1.823480763211882127e+00 2.103480921402047787e+00 2.354584757351524615e+00 2.777854658028108936e+00 5.010807572244682540e+00 4.983795132356438451e+00 3.222836517142522617e+00 2.761350025912276518e+00 2.522587788366460693e+00 2.363036163370937359e+00 2.294106813126611577e+00 2.311266279523627620e+00 2.186431698798350975e+00 2.194582224612034782e+00 2.166425899523012788e+00 2.201082823218805551e+00 2.306600430119758460e+00 2.276747917461704240e+00 2.364453379496139984e+00 2.238377883241693844e+00 2.274357825325654670e+00 2.126067128550978236e+00
1.827119081905483888e+00 2.008149911306255753e+00 2.365184222749009191e+00 2.607046577983814561e+00 3.658227878910428110e+00 5.660944996573437749e+00 3.515933953817576452e+00 3.042761320600630981e+00 2.709760707038630478e+00 2.510333175742279543e+00 2.394579788460052594e+00 2.462739434147661388e+00 2.411984605367776702e+00 2.298407766473597569e+00 2.261889589099022047e+00 2.280517216235411038e+00 2.447740860259005391e+00 2.332444879933278870e+00 2.408679949956161970e+00 2.313124365093573331e+00 2.405785181799476646e+00 2.169827988157990717e+00
1.824246887573756970e+00 1.951477368054920669e+00 2.438731113992341992e+00 2.551223265793275630e+00 3.213107524058889997e+00 6.292683507274440480e+00 3.968030841125274932e+00 3.379942885102731776e+00 2.950753334409371931e+00 2.697588755944915206e+00 2.595460604326529364e+00 2.551628361728189187e+00 2.481036780533639519e+00 2.448391045832765123e+00 2.486710891410833568e+00 2.392402767879126202e+00 2.476594855643867721e+00 2.354569838895093525e+00 2.471533513664260440e+00 2.399735784715413711e+00 2.566062337920621328e+00 2.190781019941858698e+00
1.764503281914194144e+00 1.989036367028933050e+00 2.302053862513147475e+00 2.450948083030977998e+00 3.125267674437773202e+00 5.126936035220122534e+00 5.019777754838656847e+00 3.595230397581159032e+00 3.129999864124176856e+00 2.811860178199828919e+00 2.795645354616780764e+00 2.609272907045302681e+00 2.574072574087440390e+00 2.562680661732028575e+00 2.555335452982552713e+00 2.563099382084638389e+00 2.600894640037556105e+00 2.442117345601348521e+00 2.556848454499881740e+00 2.503463100751766035e+00 2.456998728475429772e+00 2.211734051725726680e+00
1.764318590571228862e+00 1.880129185351713472e+00 2.169001624745189094e+00 2.435784458999654234e+00 2.939139300478703198e+00 4.182810791576698328e+00 6.686337034368432519e+00 3.967406126791595877e+00 3.311803898488691278e+00 2.948145992973878915e+00 2.953870067225347285e+00 2.692762280693592469e+00 2.730209490730570288e+00 2.656975355662638982e+00 2.615757780222231599e+00 2.701671038785344869e+00 2.749166439107224580e+00 2.631294068417718179e+00 2.573460664958064914e+00 2.634742905439260152e+00 2.501128588168000100e+00 2.244461691796157066e+00
1.774677428095518428e+00 1.935655861236361019e+00 2.141020490375434182e+00 2.398821420397595272e+00 2.727362973571080040e+00 3.602671147856312039e+00 9.163954448464963320e+00 4.543254154324348093e+00 3.533279278807801127e+00 3.142430181730857086e+00 3.019557404214467056e+00 3.016864431029690152e+00 2.971779594410722147e+00 2.778550430267503479e+00 2.703353666884746431e+00 2.741208985242788110e+00 2.900015715429779650e+00 2.803783966713397025e+00 2.643103822647892009e+00 2.633014171250047664e+00 2.548307589157305930e+00 2.308214876856177877e+00
1.724002100932591652e+00 1.898640747259882078e+00 2.093618373218158357e+00 2.403939595810512309e+00 2.814861528849023742e+00 3.320772942459233601e+00 5.720458033611340198e+00 5.314741633020952705e+00 3.802893705545730807e+00 3.446900415256911820e+00 3.263572392500011965e+00 3.276137013259328157e+00 3.105666628424695208e+00 2.926446959165708073e+00 2.899758726424002120e+00 3.005417062076169543e+00 3.215494040646350804e+00 2.901301220429608918e+00 2.769256975314125402e+00 2.603565744090279743e+00 2.599270637216672952e+00 2.371968061916199577e+00
1.720444704422113169e+00 1.864632898518423954e+00 2.108428340139309576e+00 2.278981062959214654e+00 2.757779888094189946e+00 2.981687412628483358e+00 4.022868262529048167e+00 7.401900353311699376e+00 4.209897946449535411e+00 3.718974741654133442e+00 3.556341118958226577e+00 3.457911880390030390e+00 3.298878418803061763e+00 3.195454610665545925e+00 3.207176667263178516e+00 3.142146627456973818e+00 3.380283257057497881e+00 2.989970975140492371e+00 2.914745200992741037e+00 2.640844079034347924e+00 2.642332143270339273e+00 2.435721246976221277e+00
1.682214037696249331e+00 1.879653361707002590e+00 2.033167660920332853e+00 2.201003692134214429e+00 2.626153219909796555e+00 3.038818360879068425e+00 3.646651357477429301e+00 9.461335917281601837e+00 4.936879891811196686e+00 4.083792389805350531e+00 3.831814296447688228e+00 3.594603131748448366e+00 3.510121837802519185e+00 3.458987725533289925e+00 3.526075296614605392e+00 3.257964661426210551e+00 3.469272689992219494e+00 3.033963914455152455e+00 2.971301711481920460e+00 2.735647942759877882e+00 2.653969707945089240e+00 2.453850493995859416e+00
1.678021497463006773e+00 1.855094809331468531e+00 2.021090350632170907e+00 2.113603017548012719e+00 2.514118008569089735e+00 3.062189932335511955e+00 3.458969324072407758e+00 5.877890479768144161e+00 6.541265190012240716e+00 4.559893554737236343e+00 4.390647614484225691e+00 4.102950861767338253e+00 3.642925237638349412e+00 3.701824658551314151e+00 3.619604380956219725e+00 3.624042694833477629e+00 3.617323398496271825e+00 3.115578885933550701e+00 3.058779283154775985e+00 2.761661416802038804e+00 2.656155132094003335e+00 2.457241744424681240e+00
1.685013847144335664e+00 1.819520030194190729e+00 2.029360629697721130e+00 2.191870610671216468e+00 2.470848058937082925e+00 2.883612582557406601e+00 3.428136938596937799e+00 4.695134489413868906e+00 7.906563869325665017e+00 5.142425843236902772e+00 4.979570125136907777e+00 4.773258402326702843e+00 3.966384913557816638e+00 3.885947052926805867e+00 3.665346378437048358e+00 3.784959933715082769e+00 3.818574596416892231e+00 3.256866383196451942e+00 3.193107328152308799e+00 2.783662066431164206e+00 2.602770781887934426e+00 2.460632994853503508e+00
1.684695293629548285e+00 1.789364331589866852e+00 2.046295830936227134e+00 2.182792837948368092e+00 2.428798378691273907e+00 2.826367724365604683e+00 3.392559447392056171e+00 4.124175093594202757e+00 8.916671075618765485e+00 6.878427096280930186e+00 5.759242581399504957e+00 5.399081799047640295e+00 4.407199948736849393e+00 4.030630026931361520e+00 3.803751370174412560e+00 3.919630752602599522e+00 3.970538452590701262e+00 3.240822587002633703e+00 3.140916855728566492e+00 2.851371151065608345e+00 2.622469508450719466e+00 2.464024245282325332e+00
1.597492129734709554e+00 1.772645472654523768e+00 1.961100535027918701e+00 2.145755910802398247e+00 2.465123406442704113e+00 2.758299275874833700e+00 3.305553083333771625e+00 3.928015981953988156e+00 6.603135657636657108e+00 8.595273691965465090e+00 7.004746621152546204e+00 5.936336350784043425e+00 5.016829549843211389e+00 4.515588568297290273e+00 4.252292172034285223e+00 4.057461256641281544e+00 4.002034431435092188e+00 3.319277851971611071e+00 3.202802708241637486e+00 3.000897184509070836e+00 2.692046914696736071e+00 2.425292462646455149e+00
1.693471637832687282e+00 1.776802615439093014e+00 1.904160019037487661e+00 2.199128926569421605e+00 2.388566832002930962e+00 2.686325884025458688e+00 3.136775344290977596e+00 4.036971130225921911e+00 4.838069926438718582e+00 9.836042564784669651e+00 1.008293085289593449e+01 7.259090325506543095e+00 6.252283983572962001e+00 5.139798853987508132e+00 4.391370111916773844e+00 4.174728144465216673e+00 3.851293421767579606e+00 3.450679827894878926e+00 3.155704192972063282e+00 2.920702406783888261e+00 2.711472177461662358e+00 2.378243850562546502e+00
1.725462617096359841e+00 1.795798202248087172e+00 1.939588630181226625e+00 2.201444838577215624e+00 2.379501438028626570e+00 2.737642265923119211e+00 3.183201167087415850e+00 3.797128286743529646e+00 4.332817471598191972e+00 6.550555217394693486e+00 8.555169280041917901e+00 8.277612035478790986e+00 6.825989752300206881e+00 5.358989518519835293e+00 4.719236992245134488e+00 4.194310466438594176e+00 3.894748932900589544e+00 3.569888631079234820e+00 3.091135018236971455e+00 2.951921680646871327e+00 2.680535303042102857e+00 2.331195238478637854e+00
1.712882216156773163e+00 1.846341563710634626e+00 1.997601408105578402e+00 2.175659427889894637e+00 2.313667194309512176e+00 2.731504463027345952e+00 3.316189691618695701e+00 3.689255381784552590e+00 4.108834716355323380e+00 5.098771393015003817e+00 6.532180531997157757e+00 7.410165902854611630e+00 7.271763731172766754e+00 5.554429442313773890e+00 5.090655694295542766e+00 4.139192664624328444e+00 3.943586148296800875e+00 3.635673140988193719e+00 3.092106456385170787e+00 2.962037174195164546e+00 2.668358584271981915e+00 2.296159454032012714e+00
1.675954901903268457e+00 1.796875966798977986e+00 1.986395430487799540e+00 2.169008944372611492e+00 2.377581272071823904e+00 2.779042987734150927e+00 3.270195270524927089e+00 3.588022490573020473e+00 3.942728037678312702e+00 4.508318948844092233e+00 4.989974194649126282e+00 5.918321759899038526e+00 8.115091508707173773e+00 6.100007284903097293e+00 4.821628208471848254e+00 4.328520986648697999e+00 3.935968438975772532e+00 3.591285931799240938e+00 3.247314466769617436e+00 2.937262346192890838e+00 2.628237504120796597e+00 2.311598366427410678e+00
1.699654475088141048e+00 1.754890059608932296e+00 1.960225949918957822e+00 2.212279537167706867e+00 2.422110885398793823e+00 2.972121680013138700e+00 3.227680270578689559e+00 3.409226843345748215e+00 3.681064519055958772e+00 4.115141297041524204e+00 4.178323960153056404e+00 5.067208819160670785e+00 6.368588709996680031e+00 6.248844341442849171e+00 5.003274442901712860e+00 4.372479520179382462e+00 3.968829918163295556e+00 3.509759779066623064e+00 3.157993569500979980e+00 2.927338674415124409e+00 2.604268897481675005e+00 2.327037278822808197e+00
1.699790041572805110e+00 1.766620792752110480e+00 1.939908395874690994e+00 2.243750290955738524e+00 2.420253308505026624e+00 2.856782111172677219e+00 3.034579970207190946e+00 3.132975899436682532e+00 3.412836942010992747e+00 3.677539383054110544e+00 3.802662892115742377e+00 4.301317313230897277e+00 5.067581147312174572e+00 6.002942393701466983e+00 5.393336118907443577e+00 4.357402027548549661e+00 4.161436428528149101e+00 3.476315218695601672e+00 3.141056972303348793e+00 2.940688978670590981e+00 2.596873740113020190e+00 2.342476191218206161e+00
1.660833033570987771e+00 1.734113021314548808e+00 1.935818465087763451e+00 2.167033464167339218e+00 2.423847973268790312e+00 2.737689142758946037e+00 2.813943436610857329e+00 3.064078176000788023e+00 3.166920182077574974e+00 3.649717836058244735e+00 3.430792917493462824e+00 3.870617223206010760e+00 4.361612362365391959e+00 5.446299431959825021e+00 5.629323166031983128e+00 4.426122775943866827e+00 4.203288033233996579e+00 3.479243218789867864e+00 3.184209347765229126e+00 2.891148427319956582e+00 2.588302504782471036e+00 2.353114613886509332e+00
1.720660006598441871e+00 1.784469969564225877e+00 2.022595589391686488e+00 2.208218863227738193e+00 2.466546366098565368e+00 2.617761108830879646e+00 3.018404605743820301e+00 2.954847043388864058e+00 3.027289270738218185e+00 3.420488785155611389e+00 3.284554531104607378e+00 3.598851449241189826e+00 3.957160893903871379e+00 4.839748866105907155e+00 5.133402436454953310e+00 4.583124378433384827e+00 4.084356143529297434e+00 3.470144672006989506e+00 3.187133077816254101e+00 2.905876145105967812e+00 2.703154275140783103e+00 2.339260268718358571e+00
1.701225887209963039e+00 1.886936989713626556e+00 2.065938198064740661e+00 2.289639602591019507e+00 2.547160575993310694e+00 2.644910334006493446e+00 2.881431063902021972e+00 2.846819217346790332e+00 2.912464558651181257e+00 3.068697735016211681e+00 3.236238929800787201e+00 3.443338918869225385e+00 3.615092662131002221e+00 4.149218087429417778e+00 4.702548742619556243e+00 4.659652207341647312e+00 3.952233624001152634e+00 3.543174044587189542e+00 3.235724626146239569e+00 3.022854634843796795e+00 2.520853214720235602e+00 2.325405923550206921e+00
1.672475266104966440e+00 1.906441193205124840e+00 2.061638815897947730e+00 2.336146126936148093e+00 2.510380873444462591e+00 2.652014920181647195e+00 2.670710992943167827e+00 2.711787826898603537e+00 2.813042290998614803e+00 2.949625463230925337e+00 3.198278356775440034e+00 3.276298944827876092e+00 3.182295953990844417e+00 3.730957544994805808e+00 4.390749745495161172e+00 4.560387523798434373e+00 4.090008043303854812e+00 3.537046932306002311e+00 3.279611707207892302e+00 2.967260823483481857e+00 2.431058700228849734e+00 2.314582071534071250e+00
1.693189361451443942e+00 2.029228473521271336e+00 2.048583767520316012e+00 2.408879318066208697e+00 2.418870327049727820e+00 2.595290120733456440e+00 2.661856444884826534e+00 2.640437335862249491e+00 2.719998280946262170e+00 2.786188519669393404e+00 3.039411754279298883e+00 2.974897876071875835e+00 3.224967070471515651e+00 3.492283620204833738e+00 3.926372723865668490e+00 4.291138856399410173e+00 4.117581296297164073e+00 3.432958598613517154e+00 3.175208001686067316e+00 2.767347828420767542e+00 2.501572030934053448e+00 2.314274172361949322e+00
1.708942269273222125e+00 2.025153793018176440e+00 2.088666944621409893e+00 2.422396850993548512e+00 2.376419096197012415e+00 2.531225651863123094e+00 2.556459934709227166e+00 2.512738824717355435e+00 2.668155868358062843e+00 2.757941431586597769e+00 2.780240856357275803e+00 2.748383609260492744e+00 2.998164615084205398e+00 3.306029977557459976e+00 3.584876535950451082e+00 3.960727583012993769e+00 4.312707681627322209e+00 3.513566975079419397e+00 3.021087632183212968e+00 2.740865347017076736e+00 2.524200753535084996e+00 2.313966273189827394e+00
1.765973244543094456e+00 1.993226121783662430e+00 2.149972769222780133e+00 2.367201198466171164e+00 2.383568205935140405e+00 2.465044154355853223e+00 2.563101447613427730e+00 2.537262092609695152e+00 2.539383030341379577e+00 2.559490403932984215e+00 2.671982539762963516e+00 2.719649583396164250e+00 2.797756252103773100e+00 3.036710087558427862e+00 3.399345105655606325e+00 3.708314084310614156e+00 4.118009272060737302e+00 3.552280131249118345e+00 3.109828635684804166e+00 2.740832748820876574e+00 2.567757945552940235e+00 2.313658374017705910e+00
1.843206191881382017e+00 1.982807678401673046e+00 2.223000851202573180e+00 2.365004584705007407e+00 2.375639395031472034e+00 2.360658156059211699e+00 2.436405303124936861e+00 2.395094182158349128e+00 2.447922956611678913e+00 2.444979249855559367e+00 2.611171620671645321e+00 2.631437815946775949e+00 2.694636704769086233e+00 2.878439844415413784e+00 3.115362933663114564e+00 3.389704286797355248e+00 3.892077360404514241e+00 3.561043746291199685e+00 3.225885914912627772e+00 2.780499530965224508e+00 2.642687094474662768e+00 2.307540008843639079e+00
1.873514179862294293e+00 1.948935478982705138e+00 2.281511333598230884e+00 2.347232117791291817e+00 2.321587357486218917e+00 2.308098974393235192e+00 2.369233186117616796e+00 2.337681153128245537e+00 2.354688126850291940e+00 2.351966974357134088e+00 2.538758647270106916e+00 2.465742601720904315e+00 2.616177476511870825e+00 2.732652735649749864e+00 2.852019806924886325e+00 3.066357180183894471e+00 3.552665585374449542e+00 3.545483612836875853e+00 3.077199722619119004e+00 2.809841079313134315e+00 2.696285947854837328e+00 2.283817416343192352e+00
1.971567119949045876e+00 1.998225356092754756e+00 2.251346316612215848e+00 2.356650070035560596e+00 2.314801687834608934e+00 2.296524785688887960e+00 2.334231423305364928e+00 2.235696888952957373e+00 2.272041545178591804e+00 2.347470899198474736e+00 2.381280583469005396e+00 2.378263690347332204e+00 2.584720808013771354e+00 2.569437181424010230e+00 2.772468646830197336e+00 2.834547009624699854e+00 3.257209615443606765e+00 3.412567805821692613e+00 3.263803703911074994e+00 2.844365504739378547e+00 2.619567066084275808e+00 2.260094823842745626e+00
1.999426532300923709e+00 2.076520827007190650e+00 2.248298818424423473e+00 2.252688261911550693e+00 2.266863357839215887e+00 2.253236348121600230e+00 2.197526861169039059e+00 2.132176958759000041e+00 2.251153305192737708e+00 2.178429062610336420e+00 2.394317612145472562e+00 2.263398272690249513e+00 2.437950752183839942e+00 2.479951684066250994e+00 2.715551971018824950e+00 2.797541954945525600e+00 3.180647376544781135e+00 3.099458838588597498e+00 3.213311135827441767e+00 2.856364589264525744e+00 2.581708289932659550e+00 2.236372231342298900e+00
1.996715541872476241e+00 2.138016366207595720e+00 2.282403266146672660e+00 2.217495986956497411e+00 2.228924733940606639e+00 2.214837688586779318e+00 2.114117227743619765e+00 2.167188476730267155e+00 2.137082536934168164e+00 2.093560275434970475e+00 2.264512052552827726e+00 2.251849415617428019e+00 2.319053520919295508e+00 2.455087026179056942e+00 2.560939672888685958e+00 2.668750329429942170e+00 3.173203381833814340e+00 3.082638261260673307e+00 3.201698608266842161e+00 2.888929399023910882e+00 2.596548078701055751e+00 2.212649638841852617e+00
2.011867746946062852e+00 2.154441370187356153e+00 2.290740424432871070e+00 2.199258057449016590e+00 2.156633107827611529e+00 2.114688345986786455e+00 2.104585809099200677e+00 2.111687746838889268e+00 2.112703305307832125e+00 2.036171048403372374e+00 2.056984133123672454e+00 2.096662018035860164e+00 2.263722613403539530e+00 2.393357627722731973e+00 2.547835926935937412e+00 2.563897155825243690e+00 2.965672768206158327e+00 2.933209850816604458e+00 3.101856332654723936e+00 3.005953898785664880e+00 2.644655300540280862e+00 2.288183372644184921e+00
2.033527099108932035e+00 2.168499871145812108e+00 2.143953956751095458e+00 2.199931038141581752e+00 2.101237507631593449e+00 2.065473446840053295e+00 2.054161417333615791e+00 2.021684135919497916e+00 1.997919587959702703e+00 2.013407611115345386e+00 2.144398989664289434e+00 2.105034866725524534e+00 2.078895318572227424e+00 2.280698960975929612e+00 2.349419982658986328e+00 2.474988575586853923e+00 2.727819312154732057e+00 2.673552367908741179e+00 3.051727505252719741e+00 2.845522510975706965e+00 2.638786319162731875e+00 2.384851388019630924e+00
2.017369824850991922e+00 2.206092637505513654e+00 2.061789563397783187e+00 2.089091435507738126e+00 2.073953203971249160e+00 2.021600575276031986e+00 1.996085099853583067e+00 1.951469598173363851e+00 1.971162441478817584e+00 1.920610519359372104e+00 1.966703085953301233e+00 1.977783989928127317e+00 2.136469173673916977e+00 2.147476019076228759e+00 2.338563201455531093e+00 2.402898805163759643e+00 2.654763933275506638e+00 2.669849987946581571e+00 2.905621400598311421e+00 2.891662266553725047e+00 2.723083313247379955e+00 2.481519403395078704e+00
2.112115965091678760e+00 2.157503983091413335e+00 2.110840841765997844e+00 2.089358901447171846e+00 2.014378801692632948e+00 1.912145434411683720e+00 1.930840687630364982e+00 1.874682816882145220e+00 1.947179277377086404e+00 1.897843527456158474e+00 1.910607695385039939e+00 1.956781398943319594e+00 1.960242142163183043e+00 2.105279994974538216e+00 2.286692322939019473e+00 2.238993639267580438e+00 2.534058762747321669e+00 2.568609661788251675e+00 2.658577206326536491e+00 2.719099726715510368e+00 2.830414953993460436e+00 2.578187418770526040e+00
2.124817163420791299e+00 2.126207798767736357e+00 2.098945949093698804e+00 2.040125694046304172e+00 1.978973020897828672e+00 1.851889782575664611e+00 1.902383987636439233e+00 1.890232215388574666e+00 1.869711589798342954e+00 1.841888957432870066e+00 1.896843702878797222e+00 1.902988608633083167e+00 1.953655148262996022e+00 2.017779558239476856e+00 2.136578508440731827e+00 2.276176477537605436e+00 2.452611857572761789e+00 2.347290690090754861e+00 2.574498329484251169e+00 2.708340038639072578e+00 2.671254428408950332e+00 2.640427889798591998e+00
2.097674362819598848e+00 2.124243268440881849e+00 1.999956918332625122e+00 1.979300990656036596e+00 1.959795244935681469e+00 1.871090561013821096e+00 1.834378805448050320e+00 1.855545581787841902e+00 1.839035705519953545e+00 1.817121867208526309e+00 1.844553458152516257e+00 1.808338586598359887e+00 1.899628266157824763e+00 1.909248471338899522e+00 2.020664833689693296e+00 2.142470066742836909e+00 2.321521419607544878e+00 2.264356750334188373e+00 2.528525229107596139e+00 2.566891011078723750e+00 2.593806060261375279e+00 2.596596699444241096e+00
2.051623453155348553e+00 1.968613874859803214e+00 1.975083086144246547e+00 1.913597226973484222e+00 1.811706336451445853e+00 1.910304092242464780e+00 1.769433801280805962e+00 1.771286692145989772e+00 1.787083642108555193e+00 1.789913533432052173e+00 1.760215391570784771e+00 1.805082511739386053e+00 1.837541377046058688e+00 1.907661707752916325e+00 1.968844685346082368e+00 2.118456984438465529e+00 2.189651930354918452e+00 2.235208360257256555e+00 2.399957751271219575e+00 2.644600258457918240e+00 2.578523232354967387e+00 2.552765509089891083e+00
