5.374969018424297085e-01 1.848306111144984110e+00 1.068112050875626107e+00 1.022766137095060257e+00 1.211508611683143943e+00 1.099969779697759442e+00 9.443627062144128725e-01 1.012896449690840806e+00 9.658411911615432111e-01 1.052800037736344008e+00 1.101046879650915189e+00 1.110267274706967067e+00 1.090479541459143276e+00 9.761121943831508885e-01 1.147421817903507169e+00 1.087766815855563562e+00 1.001184396115684105e+00 1.172193179992797596e+00 1.032981986981782674e+00 1.718053861175026009e+00 4.906589516694785935e-01
5.305280081580294738e-01 1.058600318005270324e+00 1.185093135767525174e+00 1.008081231419121648e+00 1.066307539030942886e+00 1.132979539811343139e+00 9.846604166453760687e-01 1.103003696444656567e+00 1.075340737249772527e+00 1.101755359856435357e+00 1.033587584461350684e+00 1.014380908449654894e+00 9.587337243328861724e-01 1.093865512724954581e+00 1.136717749769684316e+00 1.043459062312695806e+00 9.800727336498138431e-01 1.190773438703381926e+00 1.178798021749076774e+00 1.347679660562556059e+00 5.229631378357605387e-01
5.237302241990207108e-01 8.381061731134068493e-01 1.701779946284899925e+00 1.090322653644261175e+00 1.067268877818005057e+00 1.085240569933134225e+00 1.041359243404219814e+00 1.054597324249952228e+00 1.087704602848965862e+00 1.042070604612513884e+00 1.066560346095683176e+00 1.099606945484457921e+00 1.013960741654726272e+00 1.033788281724287605e+00 1.107182839554454512e+00 1.021549823304643612e+00 1.042269952344830664e+00 1.149946956940176346e+00 1.689023476713789274e+00 9.639080486627291666e-01 5.320539887574081694e-01
5.293921086092626682e-01 7.555254753751829977e-01 1.896858065009365157e+00 1.224979762675485695e+00 1.140822891914339277e+00 1.102126946172153454e+00 1.101937224918200231e+00 1.065361071964683992e+00 1.081938953981950169e+00 1.030964954822614743e+00 1.073774294699824994e+00 1.162138895406868100e+00 1.085984450259673828e+00 1.020999550405254253e+00 1.112356732925248171e+00 1.022335318345675814e+00 1.161792848325738925e+00 1.217780872371954537e+00 1.806516115899889696e+00 7.096934571920018309e-01 5.322451602020566996e-01
5.353871610954448190e-01 6.511682789467734267e-01 1.611018378285376196e+00 1.451485295991266744e+00 1.234554521832393670e+00 1.177569397317413058e+00 1.137465318317103069e+00 1.159484402982655871e+00 1.105758172755490154e+00 1.090885709133189163e+00 1.058280513898802733e+00 1.139764337472158884e+00 1.095413120619439518e+00 1.118699249539883089e+00 1.159551993695225214e+00 1.054979493103235688e+00 1.263067308005196843e+00 1.495408558649895081e+00 1.407812555031798585e+00 6.261790959653950051e-01 5.358327431657958773e-01
5.010369496555567848e-01 6.594237511746330327e-01 1.297393318544738605e+00 1.909290121266101092e+00 1.316288490704671688e+00 1.135062835648873003e+00 1.097642549067977757e+00 1.168707709193395061e+00 1.175891186915616338e+00 1.095208311698331105e+00 1.169007833678017416e+00 1.123627989234358804e+00 1.057898350507052720e+00 1.214384528389065521e+00 1.205304085549179227e+00 1.140088465931728301e+00 1.208108397780744081e+00 2.020808717852713876e+00 1.064979801361666478e+00 6.463492447312870759e-01 5.538721995736667347e-01
5.153935488715479796e-01 6.024568759295660936e-01 1.016505802273481418e+00 1.711343605420172942e+00 1.435625570616709146e+00 1.156081036610753454e+00 1.158348030981936949e+00 1.181205336078786639e+00 1.217293081000256905e+00 1.168802082266040987e+00 1.149570859737397255e+00 1.102220200534273609e+00 1.092564169900916538e+00 1.144851256156893093e+00 1.147188268784206100e+00 1.256437078060014256e+00 1.407295479642407088e+00 1.894433593276598549e+00 1.009497655840080332e+00 6.347838601812525461e-01 5.246753346319475986e-01
5.255257109404872784e-01 5.833310161985567621e-01 8.683323119111614474e-01 1.459969394176468205e+00 1.708600509438320092e+00 1.210426248053468434e+00 1.250822631967700937e+00 1.150247494391530179e+00 1.172126874525965423e+00 1.133689057267931233e+00 1.167960487366223488e+00 1.088200693937336538e+00 1.084593553268942356e+00 1.138188440312549732e+00 1.194711584557383466e+00 1.324227756535502509e+00 1.723682306042328083e+00 1.483826232001794310e+00 8.909329743227277776e-01 6.224007639227545630e-01 5.299243054919015039e-01
5.282015967650647292e-01 5.876202865970425737e-01 7.902263146269051797e-01 1.332790566772309671e+00 1.813073175582305963e+00 1.355228627682347309e+00 1.289906889312170790e+00 1.176757308260924617e+00 1.166068589097951191e+00 1.124331699603120294e+00 1.203001482742440009e+00 1.139606054013987180e+00 1.126500066120843524e+00 1.151744880642570079e+00 1.243356644941474576e+00 1.411931188088128009e+00 1.826417460561967854e+00 1.199144649899848369e+00 8.029625490121056197e-01 6.034874197146092856e-01 5.291359440319997054e-01
5.249953567180916103e-01 5.917172023311110252e-01 7.449913999353526828e-01 1.287430152314345655e+00 1.672699790693554123e+00 1.603431722554912842e+00 1.301412251816468579e+00 1.270020513758706393e+00 1.216682592554809039e+00 1.173085072968020892e+00 1.222935969515161370e+00 1.230863588638959838e+00 1.215027810089746474e+00 1.182041555573839942e+00 1.278094546586361124e+00 1.578996116867285027e+00 1.696541962655565339e+00 1.129487185163954077e+00 7.726349151656162206e-01 5.840941382478038735e-01 5.174491149610783713e-01
5.229436042880873936e-01 5.595966213951729662e-01 7.370445056421353058e-01 9.663707391531857205e-01 1.569376215419461928e+00 1.907047188592145837e+00 1.478367575457779637e+00 1.302871419940163422e+00 1.179476257765341263e+00 1.156817819128268976e+00 1.181937818204255919e+00 1.210062450473301743e+00 1.200019655706829225e+00 1.293141312747292382e+00 1.424999449142773100e+00 1.877544154453894887e+00 1.771034895168268619e+00 9.043139375204889419e-01 7.201029153178815090e-01 5.895169033425140537e-01 5.458468694700437940e-01
5.516016597683695011e-01 5.892255314261902743e-01 7.273232250676717747e-01 1.040007853651171210e+00 1.421409749115167598e+00 1.997330308314223535e+00 1.568699780717728753e+00 1.348014486859230088e+00 1.274524266039817055e+00 1.227368272267176597e+00 1.219926665821013057e+00 1.221651257024500392e+00 1.269559213676131115e+00 1.364989059189184895e+00 1.581010082203965217e+00 1.985640205695202276e+00 1.523320055913294446e+00 9.252179192921553552e-01 6.938492828289656300e-01 5.970577424174801084e-01 5.517492328268799318e-01
5.468505464964807938e-01 5.754472477979446499e-01 6.867732981746657028e-01 9.750424337430019239e-01 1.301675984699783850e+00 1.864200352078091205e+00 1.750251955388197445e+00 1.453284192337629843e+00 1.320041932721572664e+00 1.325406308415633116e+00 1.272956920309044060e+00 1.311078634454654113e+00 1.342639455736777565e+00 1.462093864402146615e+00 1.820089131708665819e+00 1.971277444906273768e+00 1.331077596916988570e+00 9.004002327358485713e-01 6.580717843950248946e-01 5.989031717023264312e-01 5.498066934887105850e-01
5.351609734630143889e-01 5.668018501834737322e-01 6.612671799033151832e-01 8.762176455901714567e-01 1.148574565297442618e+00 1.647808438757809579e+00 1.921925993626540929e+00 1.601873324478844118e+00 1.366642831787695966e+00 1.365038538944345792e+00 1.341172518362854893e+00 1.359710407049244507e+00 1.398177012816193665e+00 1.558044058264254517e+00 2.036533132914874145e+00 1.794322300688531158e+00 1.216727273292253386e+00 8.398236445598434852e-01 6.477614225103931478e-01 5.827091481059589739e-01 5.496320648511701101e-01
5.375284781079584517e-01 5.812652322360856161e-01 6.627382099521973435e-01 8.209352592435746887e-01 9.799893310901123256e-01 1.473932939803683562e+00 1.992474793827202717e+00 1.795710205234092305e+00 1.468814774967497572e+00 1.351859652917023480e+00 1.404552974758207951e+00 1.342705673033259384e+00 1.442030133710822559e+00 1.687440842241143324e+00 2.116628553724481332e+00 1.509272543903322772e+00 1.137186501894744683e+00 7.809315822402443930e-01 6.698066305878541682e-01 5.555272745834304304e-01 5.547469862324282408e-01
5.593544724828006798e-01 5.667367317940295024e-01 6.334289233958820819e-01 7.864446905349234962e-01 9.826544006537194509e-01 1.442380110463921117e+00 1.896114723325678098e+00 2.084666255875780916e+00 1.678562826006775754e+00 1.468970637707346150e+00 1.395157773861788630e+00 1.425623022243661220e+00 1.526973943904336828e+00 2.020228080797188408e+00 1.921998726381975553e+00 1.360111516798384823e+00 9.524541327161153426e-01 7.914771106008932078e-01 6.734205419332262021e-01 5.624936439386662990e-01 5.580198943443140935e-01
5.629715543299479430e-01 5.852404400843681520e-01 6.369727130536940729e-01 7.725326822315298214e-01 9.241096823356278467e-01 1.230486724877521088e+00 1.686334337112298520e+00 2.196547159527188153e+00 1.714842144914273669e+00 1.513949855516763199e+00 1.430181715864694114e+00 1.520619982481722809e+00 1.750079287626042923e+00 2.116182008585409502e+00 1.711640513640384942e+00 1.251994342750758271e+00 9.593406418311423156e-01 7.669296775607943317e-01 6.429787075492161552e-01 5.798461727278222400e-01 5.626426431179806231e-01
5.673507177460782591e-01 5.887153435186188721e-01 6.432103888342322051e-01 7.527045435443681098e-01 9.092012280667763902e-01 1.101595361281934249e+00 1.508027002735652600e+00 2.127926630348617731e+00 1.885652658463607301e+00 1.595802974666425733e+00 1.547106118959299836e+00 1.642056480752525083e+00 1.971111011338377850e+00 1.985222737639410484e+00 1.546248312795322377e+00 1.183787051137278112e+00 9.385336541143184386e-01 7.434741725131001067e-01 6.279170432626010045e-01 5.826895425197601286e-01 5.643329495333876400e-01
5.719674869663224914e-01 5.890885029495085412e-01 6.454805379300528889e-01 7.301565890161708650e-01 9.007717610618847237e-01 1.082644158684958224e+00 1.420701709321800177e+00 1.916648250898285832e+00 2.103550648023755798e+00 1.788546776127270865e+00 1.730371458924608641e+00 1.773842924169045876e+00 2.123402125749804803e+00 1.827034869018504981e+00 1.425258230634128154e+00 1.123461648344381558e+00 9.097247976669792235e-01 7.349451820009756942e-01 6.342460805099281451e-01 5.896204690225135270e-01 5.729626583056371958e-01
5.754742542067361466e-01 5.950750703713999501e-01 6.447172721843864585e-01 7.147466927154494387e-01 8.733376362405709248e-01 1.117390570657079030e+00 1.419112260195094288e+00 1.686854004528633100e+00 2.218560575407029667e+00 2.076625604973572958e+00 1.924879193148714807e+00 1.930408661442169160e+00 2.160150922631374648e+00 1.744962881663809195e+00 1.344174838083320500e+00 1.054969130658878207e+00 8.888343620902867670e-01 7.402195594163074599e-01 6.513937047424744886e-01 6.069869234585389961e-01 5.874927150138086196e-01
5.780007677233672814e-01 5.964565507036075909e-01 6.565315824247138776e-01 7.294438964711174034e-01 8.556702870367141056e-01 9.858300949168443683e-01 1.360003841572627659e+00 1.782346446563384923e+00 1.972144633054704332e+00 2.232879181557338555e+00 1.982201468408701261e+00 2.216503124857173823e+00 2.050540722417002026e+00 1.571123175649115744e+00 1.306728992412054646e+00 1.007913644300650446e+00 8.365896103068342082e-01 7.258394013724579485e-01 6.354553308556407654e-01 6.026044615647224711e-01 5.765599789339658221e-01
5.902286104861861338e-01 6.062706543370359746e-01 6.529480239716924928e-01 7.131584933244389246e-01 8.668868731482965995e-01 9.922258785175508411e-01 1.271266508524866001e+00 1.574403179640533113e+00 2.040128719004904667e+00 2.289224081371592057e+00 2.261938346772363495e+00 2.417775297820141667e+00 2.048035533126798757e+00 1.560718488707149243e+00 1.269550664888336122e+00 1.003655384356821223e+00 8.583237368412716117e-01 7.599729565922344054e-01 6.392339227016727854e-01 6.080138047677969837e-01 6.027719438247629569e-01
6.077726283721509581e-01 6.197709724389887098e-01 6.422250338504931211e-01 7.181493288198916858e-01 8.578520963986913106e-01 9.866844927658452447e-01 1.178316244144898439e+00 1.481080313537825210e+00 1.954081195254183667e+00 2.370395915208848514e+00 2.701025009481355710e+00 2.385932178800760806e+00 2.034437227187606556e+00 1.603612590976722485e+00 1.222507145891614577e+00 9.948602331292368817e-01 8.601739543179777181e-01 7.444461502165284905e-01 6.371289745939299198e-01 6.156724509275295354e-01 6.179052924477973496e-01
6.199544179321692106e-01 6.264291407677242685e-01 6.525738306963898561e-01 7.390304471988501378e-01 8.421238507220487612e-01 9.654116082488813921e-01 1.130487538348639021e+00 1.443684469752074762e+00 1.856948753501440619e+00 2.419506884798430679e+00 2.996476189495045794e+00 2.319086971631989957e+00 1.969688766778477262e+00 1.555999550410838150e+00 1.176253768236819486e+00 9.948840962257097242e-01 8.495395675608427011e-01 7.299946840037577767e-01 6.483755225606351313e-01 6.238669157355587469e-01 6.270239087892942598e-01
6.186330432404691937e-01 6.234161192553007158e-01 6.913137559070859917e-01 7.606091736217102106e-01 8.342971748481674554e-01 9.473928629546480851e-01 1.148415976822401818e+00 1.402611998782115510e+00 1.868014295581489348e+00 2.407668369325389079e+00 2.952328562599163320e+00 2.351695963112967469e+00 1.880157417926117569e+00 1.387426767566319441e+00 1.150648329607153908e+00 1.010943485874680858e+00 8.431632476019764733e-01 7.538702885938570741e-01 6.819847371000586911e-01 6.314222801667765950e-01 6.337161670177663408e-01
6.041856819338480289e-01 6.347452852474850804e-01 6.917932748794760611e-01 7.568515288232606775e-01 8.294583930244955328e-01 9.740023996155006136e-01 1.158114394494477839e+00 1.481283888582693109e+00 1.807478231227755527e+00 2.460603463582509587e+00 2.767766046645419031e+00 2.280041710482615613e+00 1.985369062234495940e+00 1.447141783337861920e+00 1.193214037189434418e+00 1.008866461395699465e+00 8.512418510723077647e-01 7.560652336813887819e-01 6.989083247595317960e-01 6.366899997810783196e-01 6.151410815172635438e-01
6.179611936467690469e-01 6.548309738224286081e-01 6.981032427549982433e-01 7.620764116805305299e-01 8.408786418033338261e-01 9.901618474886646482e-01 1.198939794114114221e+00 1.497356708251822655e+00 1.895580262337095201e+00 2.389483143755779970e+00 2.558401799401589294e+00 2.242034368256538901e+00 2.005657194828491363e+00 1.470271566265874963e+00 1.178302595935892150e+00 1.004801921312179935e+00 8.580850705055180772e-01 7.483068361972914362e-01 6.990061628346223577e-01 6.689501980148966354e-01 6.307068135026938638e-01
6.271007269767374659e-01 6.670804090845037226e-01 7.095778447532387068e-01 7.775346159455653883e-01 8.574747445286469150e-01 9.959608898051655057e-01 1.231276049849781895e+00 1.528346911476187842e+00 1.995171575360315863e+00 2.332879123576969249e+00 2.304162043890872535e+00 2.206366720296331518e+00 1.990275113501096538e+00 1.492127950009564108e+00 1.195275693596316469e+00 1.007618728272197117e+00 8.801263007850357312e-01 7.661084695228601582e-01 7.048547846242236847e-01 6.624163127032524079e-01 6.349484922742938409e-01
6.343131339320451367e-01 6.770089889842421105e-01 7.184035081471317197e-01 7.935940140009389854e-01 8.749204927254955466e-01 1.020051880533349165e+00 1.253700222517923235e+00 1.580570110134095874e+00 2.073588935361939889e+00 2.232881334225728320e+00 2.145026677330122311e+00 2.155250841716946031e+00 2.062038829553943131e+00 1.547048053086253150e+00 1.231816580645990422e+00 1.019684913983627483e+00 8.955004633100296374e-01 7.868691907864161506e-01 7.179284458086704346e-01 6.571626718815246626e-01 6.340328320482170321e-01
6.475009560668396613e-01 6.919227991857529458e-01 7.233942983151250283e-01 8.042639056795853891e-01 8.923573487691864869e-01 1.078484255038459239e+00 1.283670115586047489e+00 1.659460924054562359e+00 2.090691789508609677e+00 2.041038779942279557e+00 2.126814882252114014e+00 2.061638779418408340e+00 2.222370509038610553e+00 1.652051049246872294e+00 1.268992409848197278e+00 1.044833734379051471e+00 8.935323457391293189e-01 7.933043275602482680e-01 7.346863211017000683e-01 6.880540202145621898e-01 6.391402336477848278e-01
6.734671074720376405e-01 7.115928193188791884e-01 7.584788404626250369e-01 8.279943814061573315e-01 9.204725271217671922e-01 1.115216778364842787e+00 1.397899536141738785e+00 1.824426066144099634e+00 1.886478256133676368e+00 1.875659121219723335e+00 1.775251198312910228e+00 1.838327650527404655e+00 1.880888965609875285e+00 1.755910834803138032e+00 1.334183082565100431e+00 1.101635813373969430e+00 9.401354890328558200e-01 8.339111016069038484e-01 7.452264115033017111e-01 6.934117951599757523e-01 6.472966257533377954e-01
6.972925945479070409e-01 7.093946793223542269e-01 7.705022977491455816e-01 8.591650422246662755e-01 9.486740460690894494e-01 1.175375209003387322e+00 1.464297803070315762e+00 1.788616853289260344e+00 1.797195450509819548e+00 1.773121955695978968e+00 1.589132274533581413e+00 1.727886212577783187e+00 1.849467761546846667e+00 1.832769889208012870e+00 1.489906548318840507e+00 1.155611707638573016e+00 9.712786820851451175e-01 8.515328737842113860e-01 7.680708677210301705e-01 7.244943114328469269e-01 6.611770099572832349e-01
7.084715506554596365e-01 7.237598895892898287e-01 7.793678696804771100e-01 8.921574746846062665e-01 1.006697561344545688e+00 1.246696117521362446e+00 1.561467711682659854e+00 1.778094310651898935e+00 1.698236559278004432e+00 1.640766938041991807e+00 1.528619898472231009e+00 1.630610839026069625e+00 1.736835553033985180e+00 1.795699591890055569e+00 1.606322019489728303e+00 1.222197535902098231e+00 1.018802018123091235e+00 8.832349435647113278e-01 7.928348619721591328e-01 7.530654569327829284e-01 6.902018241388191422e-01
7.159889754488225622e-01 7.544832905901269759e-01 8.012023500191062242e-01 9.190637450344039117e-01 1.071735487939693865e+00 1.330478810655123301e+00 1.652471304477767244e+00 1.721174927675044541e+00 1.564688104029397619e+00 1.517317656051220043e+00 1.498824166018870363e+00 1.542538362771305405e+00 1.594775289640782967e+00 1.662709166024775698e+00 1.664757154236897296e+00 1.309935294305953901e+00 1.066842293770361660e+00 9.182663408769905500e-01 8.179273899073044030e-01 7.661209132383989262e-01 7.212721260806053136e-01
7.315800528353015864e-01 7.898730739313014615e-01 8.461518449585153645e-01 9.393418361424230589e-01 1.119014522651449184e+00 1.431606189985598743e+00 1.684321488779063847e+00 1.537671705571998171e+00 1.408994030438675438e+00 1.445285518159618920e+00 1.409899298898033893e+00 1.470268895536530174e+00 1.528962576712999066e+00 1.501132017161869614e+00 1.681431544805053857e+00 1.421578214138479179e+00 1.106573301054517344e+00 9.441178649170135495e-01 8.458373616146521723e-01 7.635127087271593727e-01 7.398388226010207402e-01
7.564869328919711089e-01 8.031521851905436549e-01 8.955303939467633700e-01 1.000074275905436405e+00 1.185070624387817073e+00 1.565038642776775069e+00 1.654445099334503455e+00 1.469382346892500468e+00 1.336874922528286547e+00 1.319738736513388577e+00 1.297735722489301580e+00 1.366403677344192547e+00 1.389527533571123907e+00 1.510097230835771853e+00 1.724789388394547096e+00 1.540523295685447325e+00 1.237535794161772618e+00 1.002017213781286387e+00 8.936086217228470518e-01 8.009739579458547976e-01 7.537045785847772406e-01
7.754584804002138121e-01 8.262587068130914369e-01 9.287742109332941531e-01 1.079845474607834310e+00 1.330223179071056139e+00 1.627399981992486255e+00 1.570668296620828297e+00 1.359309256813168387e+00 1.255280143287317296e+00 1.240619495401926731e+00 1.196795462321825765e+00 1.253563823994341186e+00 1.297586214285383122e+00 1.427400775922765153e+00 1.580885563495925350e+00 1.625486425848300831e+00 1.319378188716879396e+00 1.093678056659728393e+00 9.543041594634958935e-01 8.301755393238633429e-01 7.793308247151737866e-01
8.092910693203322348e-01 8.615772806119557092e-01 9.773487614285876202e-01 1.157012890896524926e+00 1.477688147565700438e+00 1.627079030201238341e+00 1.470966675723206718e+00 1.326609946080370417e+00 1.185122598904720714e+00 1.176387611313307602e+00 1.106175521633982806e+00 1.151353983653801150e+00 1.238651881054284587e+00 1.332815070533099000e+00 1.446718650733176181e+00 1.624479547075200481e+00 1.434185349326940973e+00 1.178441982601035054e+00 9.950818523817444028e-01 8.704420037181318515e-01 8.049410313413463136e-01
8.438729506462140373e-01 9.051944429926896962e-01 1.043276218064549399e+00 1.237638711661155355e+00 1.571006329701071680e+00 1.542526894221321498e+00 1.378951506271702820e+00 1.289996146840721281e+00 1.142183718818573945e+00 1.114831955210806580e+00 1.033616518887603419e+00 1.069731968235692277e+00 1.173032161579098176e+00 1.240799084422253395e+00 1.351481027991446870e+00 1.566548712567818136e+00 1.538011750260434019e+00 1.261942105493223609e+00 1.032719309233430138e+00 9.138536074579510782e-01 8.307192015206288360e-01
8.622759280312601859e-01 9.518936301954917800e-01 1.116148751702161102e+00 1.337969287980835587e+00 1.572372601122415503e+00 1.378343327479111702e+00 1.309084713702072911e+00 1.147625738591902866e+00 1.124392873587136243e+00 1.047312221579877800e+00 9.842038470955142282e-01 1.011028328611050853e+00 1.065874297121297998e+00 1.155630567102087669e+00 1.273620207042361008e+00 1.496203147049109283e+00 1.561830112444238194e+00 1.361875371078495656e+00 1.094386995152252684e+00 9.485242285435917520e-01 8.598885292486667664e-01
9.136970979049116037e-01 1.006792571635637401e+00 1.158271297636456421e+00 1.494903327490050504e+00 1.548693715040339036e+00 1.397666570849964041e+00 1.225920022962207812e+00 1.134900010889624999e+00 9.968996341485949486e-01 9.561331322665418408e-01 9.264066896657203731e-01 9.426010494281752417e-01 9.976653381951992028e-01 1.146398187074212149e+00 1.167709884691856104e+00 1.351351332547493955e+00 1.535750190685916339e+00 1.485515543503742153e+00 1.168624209427675975e+00 9.990782930576777021e-01 8.931258827663753896e-01
9.499928962689406786e-01 1.046602526657806287e+00 1.294723627510329989e+00 1.499186445077801855e+00 1.467080379882392149e+00 1.339065329212253852e+00 1.180136833668724794e+00 1.042516968671271194e+00 9.259990076819214488e-01 9.056384949767952719e-01 8.870661871998211101e-01 8.692622519840117468e-01 9.604299002872450641e-01 1.104809233765946752e+00 1.120427454197615136e+00 1.257804056200305443e+00 1.467332006972294822e+00 1.498426200400998720e+00 1.262736084111162338e+00 1.078861100769238579e+00 9.519194516207158951e-01
9.976501926124700104e-01 1.136864155294530221e+00 1.432439915929151208e+00 1.506936614580825839e+00 1.375481984586524487e+00 1.266625575683021809e+00 1.125966784803193788e+00 9.480826966768859387e-01 8.631636490365549585e-01 8.601283138281653473e-01 8.421896163977653504e-01 8.213040027044163915e-01 9.145886975098980187e-01 1.006935068002829059e+00 1.077336756592519595e+00 1.228441525916973198e+00 1.392546409553090392e+00 1.511413591305987847e+00 1.367706686257862625e+00 1.153740887451717656e+00 1.003434303212317191e+00
1.062305601470739491e+00 1.247524660228995774e+00 1.528606325504102026e+00 1.494443925821624219e+00 1.283482691466472092e+00 1.198444820654062104e+00 1.072279824847957030e+00 8.891265881799050863e-01 8.184068402145985299e-01 8.038174293506896717e-01 7.909009020630937137e-01 7.936864751429368869e-01 8.545801351589212835e-01 9.001966981805349377e-01 1.018327138541289534e+00 1.176526491312758882e+00 1.335234336651592413e+00 1.499293433848541968e+00 1.458417220511875723e+00 1.231524031952953013e+00 1.049606140124106135e+00
1.137506586852537138e+00 1.317352435064964800e+00 1.557798311982758976e+00 1.387807710763899527e+00 1.194815109125483055e+00 1.135653079491109940e+00 1.041478983324585661e+00 8.795098981892103263e-01 8.153514871722615798e-01 7.306467565311439705e-01 7.408259714499121351e-01 7.667762464087960472e-01 7.885126196664571374e-01 8.537553857308987082e-01 9.411824119646708953e-01 1.002549908979949445e+00 1.306467731461280257e+00 1.401159948367611596e+00 1.502654056471898647e+00 1.333015711721769136e+00 1.108920843032796366e+00
1.170420636639948553e+00 1.385136901764656869e+00 1.487593867350085253e+00 1.328472602279262116e+00 1.208662934938471434e+00 1.066514241246240502e+00 9.629243673914673618e-01 8.145721221842515680e-01 7.802218754247179922e-01 6.705911296788499287e-01 6.942649873784125791e-01 7.236902714740567344e-01 7.315987487011456070e-01 8.234740608395428874e-01 9.151153319641669448e-01 9.776544403312102949e-01 1.204389795230442317e+00 1.346262564351284219e+00 1.467642773916734367e+00 1.441312786035936044e+00 1.239149985509202967e+00
1.280276097419212666e+00 1.501721400748674551e+00 1.433341072205560396e+00 1.292400334195825451e+00 1.159071470899446510e+00 1.043027528999241227e+00 9.172275039536019747e-01 7.579066937222739275e-01 7.360355326404155463e-01 6.683944075040300081e-01 6.631635505801041219e-01 6.838494452750584207e-01 7.237450538951477608e-01 7.928579112301494813e-01 8.902678045928016370e-01 1.012859636601478153e+00 1.117547402702484316e+00 1.285221490046523085e+00 1.461786655226485321e+00 1.495156153231553375e+00 1.315916671748994515e+00
1.407355429434102412e+00 1.529321249655871684e+00 1.390999890344895462e+00 1.261819827705068731e+00 1.091665272889573712e+00 9.872442085066249762e-01 8.657944698754804769e-01 7.190463075664897952e-01 6.955278677626003381e-01 6.505093895863618414e-01 6.270461712928888653e-01 6.513386382954287068e-01 7.028612546406235451e-01 7.538595163253376530e-01 8.542121079487953184e-01 1.028394031516913332e+00 1.079488156818282363e+00 1.217332593871653490e+00 1.409406396595560773e+00 1.499413021796067724e+00 1.407969921215076470e+00
1.512695283584763795e+00 1.485114561244589959e+00 1.358896763686205045e+00 1.223346802648668685e+00 1.042425644920574435e+00 9.007097796657091981e-01 8.006287784752745829e-01 6.958029781982922879e-01 6.611076629826090345e-01 6.068162038688498239e-01 5.915238551405982426e-01 6.244708244692289689e-01 6.622744922423214886e-01 7.119138219121249334e-01 8.072948256496240704e-01 9.898559694133369780e-01 1.045547262228756491e+00 1.148866031483193773e+00 1.321772445772293469e+00 1.473972417700878390e+00 1.491211174027071262e+00
1.563133661529490182e+00 1.456901709285091329e+00 1.333256082531063758e+00 1.166125613831371366e+00 1.038842988007782742e+00 8.252174954877204982e-01 7.305961609991085126e-01 6.787335957425973954e-01 6.293932297638691331e-01 5.595078023482342733e-01 5.740838887576249494e-01 5.985247273418685676e-01 6.218115685832601436e-01 6.782701584287926799e-01 7.568558772132900625e-01 8.882468079297557439e-01 9.384685183675783859e-01 1.092620230986872443e+00 1.253893217551206751e+00 1.447778773701401178e+00 1.501344099858499925e+00
1.490209101303493044e+00 1.303291257718836693e+00 1.259250398030796525e+00 1.104867881980813760e+00 9.804360770142198644e-01 7.881402433274047326e-01 7.019961407139174714e-01 6.504254420409831816e-01 5.846059698326078191e-01 5.448168043461629750e-01 5.624376288136880842e-01 5.746545138032015387e-01 5.773251381367943136e-01 6.333663616353973902e-01 7.115830371252315212e-01 7.850826734372775562e-01 8.944805422030357445e-01 1.110913533982606394e+00 1.218007987744972320e+00 1.409404510641095065e+00 1.522729166618939978e+00
1.411485406716512570e+00 1.314981136033545939e+00 1.159965404865257677e+00 1.030758145544300453e+00 9.223200453890834094e-01 7.667500653001197986e-01 6.867260589384397429e-01 6.394928657115793724e-01 5.666619785313400381e-01 5.240245798737647176e-01 5.384754968089182636e-01 5.401429059915472397e-01 5.465451730440601397e-01 6.228072589238183854e-01 6.818110321427636178e-01 7.368956982068791683e-01 8.864174765351935381e-01 1.041586733954432020e+00 1.153209334201239500e+00 1.315886789665990930e+00 1.470120365065129109e+00
1.370710555811258446e+00 1.340041584359673799e+00 1.108677238389533581e+00 9.723736626246337611e-01 8.548373704932556993e-01 7.304160524480952654e-01 6.610045146073861844e-01 6.276001265277586505e-01 5.495926681715173068e-01 5.137280521546825351e-01 5.112119054970385434e-01 5.125953662266541366e-01 5.276406792162885440e-01 6.121977112024876710e-01 6.542504188770241758e-01 7.129080718441767051e-01 8.664716227339969157e-01 9.763899442740958667e-01 1.082436990941833432e+00 1.214990094414162281e+00 1.429006463958426121e+00
1.348897474485367010e+00 1.310749680706692955e+00 1.088434068656928932e+00 9.258050141604052818e-01 7.937316461509141829e-01 6.850902774467100276e-01 6.275835956857318543e-01 6.029134398576089238e-01 5.243362773810352762e-01 5.057423879324592919e-01 4.860705154498518032e-01 4.911808553292756896e-01 5.157615732706283262e-01 5.833285950463678038e-01 6.277735099022695442e-01 6.917114553271100919e-01 8.227328573933603284e-01 9.347816628021872187e-01 1.030521280705565257e+00 1.144251622261156509e+00 1.389852163936233564e+00
1.286185671807591246e+00 1.210811551584064505e+00 1.023448605057591942e+00 8.671239378216419880e-01 7.705872731137473064e-01 6.602186342678639797e-01 6.058772019501762474e-01 5.579755079905293069e-01 4.928436108103491642e-01 4.760826902471302913e-01 4.665003931638380674e-01 4.635521631734064729e-01 5.032530861091261132e-01 5.292834955744953884e-01 6.086401269837350414e-01 6.567314527680807590e-01 7.670931947677092078e-01 8.912648352737018165e-01 1.023005679963342240e+00 1.135372994464959318e+00 1.285862115605771017e+00
1.236256259136343738e+00 1.096261912251684123e+00 9.585781434373689125e-01 8.576723869540067158e-01 7.302486776762824316e-01 6.318425592902963128e-01 5.650383563715081214e-01 5.223726316389011304e-01 4.858418770679455156e-01 4.537810386214762293e-01 4.502905865035500832e-01 4.514742584508754653e-01 4.814905962099952363e-01 5.271245924808835026e-01 5.891931264456189421e-01 6.419665159740078897e-01 7.445283820521607643e-01 8.570594051066711128e-01 9.851433372402721433e-01 1.139548286125288801e+00 1.284004777614544679e+00
1.195750697719989430e+00 1.034408582366798779e+00 8.997003274872794609e-01 8.468664056956957120e-01 6.954882246072007224e-01 6.098714567665223241e-01 5.303888557970831696e-01 4.920724652817560218e-01 4.618470554873420619e-01 4.351356876740365975e-01 4.352874660320978362e-01 4.347863558339533641e-01 4.548584347962223995e-01 4.977469824010218868e-01 5.589837027083244259e-01 6.385102636534967235e-01 7.225991345310129876e-01 8.181479168619080200e-01 9.119905769870284562e-01 1.095387437030730382e+00 1.247402077633809503e+00
1.158854418578693091e+00 9.917270574835017616e-01 8.444384159003807122e-01 8.163069391177789624e-01 6.598738863413368128e-01 5.940088844838251614e-01 4.997060190819959113e-01 4.728564830340258873e-01 4.386227707073081516e-01 4.155470855258121543e-01 4.214329485284159516e-01 4.166098912024696066e-01 4.355965859118065553e-01 4.717398394408281459e-01 5.340844214385699340e-01 6.349704874140609245e-01 6.952631121033276962e-01 7.836192005230020463e-01 8.629641875081401903e-01 1.057129758791193641e+00 1.187118176011998427e+00
1.119837710788068819e+00 9.536433932333965302e-01 8.013224467821100649e-01 7.679814921010273965e-01 6.219419710894528164e-01 5.818566084028854446e-01 4.801159439405373597e-01 4.606696158476774050e-01 4.205250721147573700e-01 3.969240809687525351e-01 4.068280109956580737e-01 4.035862582845693991e-01 4.236209171902616255e-01 4.528143727449939204e-01 5.132310822881367418e-01 6.185314969085827785e-01 6.635119230496435705e-01 7.503215177364542798e-01 8.465897193287701405e-01 1.032833391579104587e+00 1.102735470299920584e+00
1.072592681516312041e+00 9.203515481590328617e-01 7.886325680858589093e-01 7.218733342745622394e-01 5.843940428711107415e-01 5.689224219665334203e-01 4.870690165459450327e-01 4.425401321342974370e-01 4.007330076576636202e-01 3.868691586158661266e-01 3.878556507521579988e-01 4.058143481401828012e-01 4.081514819023936980e-01 4.219134890122404613e-01 4.801654177912836885e-01 5.743567110304752532e-01 6.345308789854584575e-01 7.043583998835174498e-01 8.279408046928439235e-01 9.915398504127780344e-01 9.846018158743845561e-01
